@; mapa 6: parets+horitzontal+huecos Tarea 1a i 1B
		.byte 7,7,7,7,7,7,7,7,7
		.byte 7,7,7,7,7,7,7,7,7
		.byte 7,7,7,7,7,7,7,7,7
		.byte 0,0,0,0,0,0,0,0,0
		.byte 0,15,15,15,15,15,15,15,0
		.byte 0,0,0,0,0,0,0,0,0
		.byte 15,0,0,0,0,0,0,0,15
		.byte 0,0,0,0,0,0,0,0,0
		.byte 0,0,0,0,0,0,0,0,0
		
	@; mapa 7: combinaciones cruzadas (hor/ver) de 5, 6 y 7 elementos
		.byte 15,15,7,15,15,7,15,15,15
		.byte 1,2,3,3,4,3,7,0,15
		.byte 1,2,7,5,3,7,7,0,15
		.byte 4,1,1,2,3,8,7,0,15
		.byte 1,4,4,2,6,3,7,0,15
		.byte 4,2,2,5,2,2,7,0,15
		.byte 4,5,5,2,5,5,7,0,15
		.byte 7,8,1,5,4,6,8,0,15
		.byte 8,8,8,8,8,8,8,0,15